3- 4 8 3 | 9 2 1 | 6 5 7
16- 2 4 5 | 9 8 1 | 3 7 6
29- 4 6 2 | 8 3 1 | 9 5 7
42- 1 3 7 | 2 5 6 | 8 4 9
55- 5 2 3 | 8 1 6 | 7 4 9
68- 1 7 6 | 9 2 3 | 5 8 4
81- 1 4 3 | 9 8 6 | 2 5 7
94- 4 8 7 | 1 5 6 | 9 3 2
107- 8 1 4 | 9 7 6 | 5 3 2
120- 7 6 1 | 9 2 8 | 4 5 3
133- 9 7 6 | 1 2 5 | 4 3 8
146- 9 6 2 | 3 4 1 | 7 5 8
159- 3 9 7 | 6 8 1 | 5 2 4
172- 6 3 9 | 2 1 8 | 4 5 7
185- 6 9 7 | 1 2 8 | 3 4 5
198- 3 6 1 | 7 2 5 | 9 4 8
211- 3 5 9 | 8 6 7 | 1 2 4
224- 7 8 6 | 9 4 5 | 3 1 2
237- 7 4 3 | 5 1 2 | 9 8 6
250- 7 8 2 | 6 1 4 | 3 5 9
263- 4 2 8 | 5 3 1 | 7 9 6
276- 4 2 5 | 7 8 1 | 9 3 6
289- 3 4 8 | 2 6 7 | 9 5 1
302- 1 2 4 | 9 8 6 | 7 3 5
315- 3 6 1 | 5 2 4 | 7 8 9
328- 5 8 1 | 4 7 9 | 2 6 3
341- 3 8 7 | 2 5 6 | 4 1 9
354- 3 4 5 | 8 7 1 | 2 6 9
367- 2 3 5 | 7 6 1 | 4 8 9
380- 2 9 8 | 1 7 5 | 6 4 3
393- 7 6 1 | 5 4 3 | 2 8 9
406- 1 3 2 | 6 4 9 | 7 8 5
419- 6 9 8 | 1 7 3 | 5 4 2
432- 8 5 2 | 7 1 6 | 9 4 3
445- 4 5 3 | 2 1 8 | 7 9 6
458- 5 1 6 | 2 8 9 | 3 4 7
471- 9 4 5 | 6 8 1 | 7 2 3
484- 3 6 5 | 9 4 2 | 8 7 1
497- 1 3 4 | 5 8 7 | 2 9 6
510- 1 9 3 | 6 7 2 | 4 8 5
523- 8 1 4 | 9 7 6 | 5 3 2
536- 3 8 4 | 5 6 7 | 9 2 1
549- 4 6 9 | 1 5 8 | 3 7 2
562- 3 1 6 | 5 4 9 | 2 7 8
575- 5 8 6 | 1 2 7 | 9 4 3
588- 9 5 4 | 2 1 3 | 6 8 7
601- 1 5 9 | 7 4 3 | 8 6 2
614- 8 6 1 | 3 5 7 | 2 9 4
627- 2 9 4 | 8 6 3 | 5 1 7
